0.000000000000000000e+00 1.243754337653837638e+03 2.178142785478852090e-04 2.299200657198126590e-03 2.581447851347232138e-04 4.334399693104469715e-03 7.248096408512503253e-01 1.231360298708018414e-01
9.999999999998898659e-04 1.243422167461368417e+03 2.193665762376829768e-04 2.357166267277078023e-03 2.532399781269553457e-04 4.358469025667705173e-03 7.248096458391033448e-01 1.230597998525487513e-01
1.999999999999779732e-03 1.243191828015201509e+03 2.204843162112969592e-04 2.415343551372617185e-03 2.470885795949180294e-04 4.372192129047737345e-03 7.248096508251710146e-01 1.229886654831291865e-01
2.999999999999669598e-03 1.243069963251262834e+03 2.211271862101455007e-04 2.473283132408864420e-03 2.396933169569112349e-04 4.374959774609137562e-03 7.248096558067707029e-01 1.229233745359741559e-01
3.999999999999559464e-03 1.243064315933899707e+03 2.212498173840232003e-04 2.530439221001144681e-03 2.310501833334480917e-04 4.366058006962264884e-03 7.248096607845954109e-01 1.228648270682926869e-01
4.999999999999449329e-03 1.243184201969922469e+03 2.207999786120099612e-04 2.586145127126592003e-03 2.211444665885646825e-04 4.344619350136666273e-03 7.248096657622858929e-01 1.228141287364130640e-01
5.999999999999339195e-03 1.243441222597432898e+03 2.197158316790802249e-04 2.639576173452888152e-03 2.099448764232895678e-04 4.309550342611748533e-03 7.248096707398957728e-01 1.227726708590909238e-01
6.999999999999229061e-03 1.243850364880102688e+03 2.179215154724071526e-04 2.689689943180596874e-03 1.973949777316346289e-04 4.259418054312598748e-03 7.248096757198805307e-01 1.227422568139631825e-01
7.999999999999118927e-03 1.244431788463154135e+03 2.153197799860548866e-04 2.735125067645353871e-03 1.833998227863350462e-04 4.192264911519812121e-03 7.248096807048525214e-01 1.227253116381562953e-01
8.999999999999008793e-03 1.245213815057566762e+03 2.117793520101507302e-04 2.774019351345130471e-03 1.678047039850598301e-04 4.105295167420917532e-03 7.248096856981074421e-01 1.227252472650252335e-01
9.999999999998898659e-03 1.246238240434466888e+03 2.071119308453888092e-04 2.803654097363184831e-03 1.503600359444931132e-04 3.994308855225067213e-03 7.248096907042851367e-01 1.227471505086848436e-01
1.099999999999878852e-02 1.247570196643418740e+03 2.010284316250416574e-04 2.819693313059122748e-03 1.306644501270645632e-04 3.852626135198446676e-03 7.248096957300090848e-01 1.227991827934418190e-01
1.199999999999867839e-02 1.249316836582826909e+03 1.930539257478548082e-04 2.814367581667381272e-03 1.080895386126960169e-04 3.668973947261631400e-03 7.248097007854085172e-01 1.228956881108756033e-01
1.299999999999856826e-02 1.251659254177246112e+03 1.823810184658678738e-04 2.771599744019648433e-03 8.181787905862919876e-05 3.423642932375740161e-03 7.248097058873639309e-01 1.230646233276860013e-01
1.399999999999845812e-02 1.254859847897707596e+03 1.679018783656808665e-04 2.654355314069797248e-03 5.204583672867645836e-05 3.087229092744844285e-03 7.248097110587881087e-01 1.233627102469365688e-01
1.499999999999834799e-02 1.258944491079572572e+03 1.504856290659962678e-04 2.399532666064514101e-03 2.582911042883134832e-05 2.665148565993089632e-03 7.248097161594722060e-01 1.238617416752505473e-01
1.599999999999823785e-02 1.262987080226612989e+03 1.364373897531352513e-04 2.045084173081771536e-03 1.482350280675352713e-05 2.290940790248783068e-03 7.248097204877000932e-01 1.244594247213659105e-01
1.699999999999812772e-02 1.266038248471485531e+03 1.274331112694592069e-04 1.752068754535748623e-03 1.348707752565131043e-05 2.044586315733035349e-03 7.248097243166837789e-01 1.249249056181266221e-01
1.799999999999801759e-02 1.268085599802339402e+03 1.212281533377446542e-04 1.557549788394677536e-03 1.462914429779425211e-05 1.890769105506000898e-03 7.248097283922655398e-01 1.252267231086579280e-01
1.899999999999790745e-02 1.269409160997275194e+03 1.169062422927513413e-04 1.433128379728955404e-03 1.646281091035954784e-05 1.795747176490347825e-03 7.248097328249404336e-01 1.254159711832854296e-01
1.999999999999779732e-02 1.270232053716388236e+03 1.140527452287454788e-04 1.353998750597739699e-03 1.866417872233654447e-05 1.740086231844196465e-03 7.248097375370712303e-01 1.255327791815275817e-01
2.099999999999768718e-02 1.270697836973906078e+03 1.123774921196843028e-04 1.304859575160960102e-03 2.120651049052742698e-05 1.712498406896330013e-03 7.248097424509101216e-01 1.256012859009340565e-01
2.199999999999757705e-02 1.270895749504969672e+03 1.116672467964955798e-04 1.276512963822923862e-03 2.415429492977706533e-05 1.706309794960442997e-03 7.248097475097748932e-01 1.256357221257719814e-01
2.299999999999746692e-02 1.270880277661593937e+03 1.117730121594836677e-04 1.263264401875974175e-03 2.762924046798501804e-05 1.717651201407910475e-03 7.248097526726962059e-01 1.256446189002504155e-01
2.399999999999735678e-02 1.270682729928946628e+03 1.125988109190501389e-04 1.261439375407718850e-03 3.181232622189325516e-05 1.744504794380560483e-03 7.248097579080392538e-01 1.256331363993517525e-01
2.499999999999724665e-02 1.270318260873982581e+03 1.140897878311119239e-04 1.268521173262058014e-03 3.695117379932156578e-05 1.786131765450416206e-03 7.248097631886609715e-01 1.256044004946935688e-01
2.599999999999713651e-02 1.269791334699077424e+03 1.162169063153347114e-04 1.282605424835913440e-03 4.335351492608265875e-05 1.842589118961252687e-03 7.248097684886140035e-01 1.255603917727143859e-01
2.699999999999702638e-02 1.269101607269657052e+03 1.189574224921118180e-04 1.302074743378994065e-03 5.134258307488327467e-05 1.914170900036622032e-03 7.248097737819171327e-01 1.255026147398178860e-01
2.799999999999691624e-02 1.268251481098706108e+03 1.222722629581481871e-04 1.325460239188561411e-03 6.115579080212623600e-05 2.000708616016898429e-03 7.248097790444898436e-01 1.254326404773454251e-01
2.899999999999680611e-02 1.267253167789680447e+03 1.260911032287074791e-04 1.351496529557174361e-03 7.281980889139708275e-05 2.100987002922969499e-03 7.248097842585412565e-01 1.253523877988764190e-01
2.999999999999669598e-02 1.266130675756436631e+03 1.303157720250929311e-04 1.379261703606450128e-03 8.609361157986219646e-05 2.212672502228726218e-03 7.248097894161236177e-01 1.252640331551882202e-01
3.099999999999658584e-02 1.264915066610122722e+03 1.348391577446813997e-04 1.408232475280159343e-03 1.005387124485142384e-04 2.332819122152261261e-03 7.248097945183699098e-01 1.251696830014595030e-01
3.199999999999647571e-02 1.263637227025354605e+03 1.395644290909742397e-04 1.438202913370226427e-03 1.156589306880191203e-04 2.458530947561439473e-03 7.248097995714484210e-01 1.250710963605944359e-01
3.299999999999636557e-02 1.262323223843458663e+03 1.444139227166170089e-04 1.469151561889695283e-03 1.310079647849267414e-04 2.587362318181781005e-03 7.248098045827607860e-01 1.249696037492576128e-01
3.399999999999625544e-02 1.260993231300693878e+03 1.493287926104569269e-04 1.501139326684895791e-03 1.462294634701007026e-04 2.717402118562064518e-03 7.248098095588663137e-01 1.248661667741797071e-01
3.499999999999614531e-02 1.259662413530380491e+03 1.542648190625389693e-04 1.534255177931820530e-03 1.610530585172855313e-04 2.847191840452162510e-03 7.248098145051026231e-01 1.247614783608158029e-01
3.599999999999603517e-02 1.258342283345930127e+03 1.591879338819102857e-04 1.568593335288842984e-03 1.752755077140242157e-04 2.975605015760607753e-03 7.248098194253589366e-01 1.246560510732889065e-01
3.699999999999592504e-02 1.257041850770177007e+03 1.640707522170452098e-04 1.604245133299642611e-03 1.887422749681705097e-04 3.101744697659974091e-03 7.248098243233798144e-01 1.245502801245984975e-01
3.799999999999581490e-02 1.255768456582090266e+03 1.688901433486798137e-04 1.641296303131719366e-03 2.013336841338306325e-04 3.224869424789199041e-03 7.248098292011030397e-01 1.244444856507245373e-01
3.899999999999570477e-02 1.254528337292933884e+03 1.736255435084256625e-04 1.679825723210072149e-03 2.129550942724028418e-04 3.344342202083034916e-03 7.248098340601184519e-01 1.243389406907776246e-01
3.999999999999559464e-02 1.253326985897764416e+03 1.782578686694664613e-04 1.719903978880852951e-03 2.235309693827163739e-04 3.459598245964132235e-03 7.248098389029767885e-01 1.242338895109620645e-01
4.099999999999548450e-02 1.252169403938679807e+03 1.827686982829526013e-04 1.761591766824278840e-03 2.330004763320895201e-04 3.570122072044115691e-03 7.248098437299520524e-01 1.241295607356227432e-01
4.199999999999537437e-02 1.251060265113073228e+03 1.871397122544231231e-04 1.804937722291523848e-03 2.413147641438593682e-04 3.675432778466681052e-03 7.248098485429504967e-01 1.240261767207488236e-01
4.299999999999526423e-02 1.250004034277759274e+03 1.913522589634168388e-04 1.849975978587911889e-03 2.484350009103183455e-04 3.775073387391869768e-03 7.248098533424768286e-01 1.239239609963269373e-01
4.399999999999515410e-02 1.249005049618175690e+03 1.953870130794380230e-04 1.896723066016829488e-03 2.543310375202223364e-04 3.868603540416744313e-03 7.248098581294265541e-01 1.238231444768119055e-01
4.499999999999504396e-02 1.248067533713184275e+03 1.992239547398279406e-04 1.945174740449350089e-03 2.589806687435295372e-04 3.955599157557347992e-03 7.248098629045749419e-01 1.237239679933064135e-01
4.599999999999493383e-02 1.247195736258937359e+03 2.028417230482174819e-04 1.995302634846748101e-03 2.623681692361835719e-04 4.035638581961770686e-03 7.248098676686137720e-01 1.236266925386448196e-01
4.699999999999482370e-02 1.246393899205317894e+03 2.062177582211692213e-04 2.047049665589223064e-03 2.644841082949287402e-04 4.108306728711793969e-03 7.248098724221871958e-01 1.235316007038853026e-01
4.799999999999471356e-02 1.245666313171427419e+03 2.093281434155700815e-04 2.100328271629297878e-03 2.653241119698033796e-04 4.173189281729819053e-03 7.248098771659122752e-01 1.234390012950020710e-01
4.899999999999460343e-02 1.245017371566533484e+03 2.121472684146561295e-04 2.155012724138128354e-03 2.648885267793295371e-04 4.229868102835093215e-03 7.248098819003869764e-01 1.233492386193963952e-01
4.999999999999449329e-02 1.244451624169823162e+03 2.146476754575414006e-04 2.210934800725403420e-03 2.631814049557530937e-04 4.277915974323696566e-03 7.248098866262033813e-01 1.232626993681606997e-01
5.099999999999438316e-02 1.243973844702991983e+03 2.167998713236990330e-04 2.267878702496830753e-03 2.602092446113587446e-04 4.316889630793548441e-03 7.248098913439589008e-01 1.231798215102922339e-01
5.199999999999427303e-02 1.243589129399561671e+03 2.185720213054706735e-04 2.325574634433480534e-03 2.559796526518247112e-04 4.346319604450689551e-03 7.248098960542710412e-01 1.231011065275400135e-01
5.299999999999416289e-02 1.243303038772527316e+03 2.199294183096088496e-04 2.383690625341678120e-03 2.504999782282449914e-04 4.365696571281192130e-03 7.248099007577838426e-01 1.230271351313352995e-01
5.399999999999405276e-02 1.243121768263220247e+03 2.208339394318079572e-04 2.441821600543541814e-03 2.437753087696271654e-04 4.374453289299211692e-03 7.248099054551891962e-01 1.229585892538480191e-01
5.499999999999394262e-02 1.243052426785972102e+03 2.212430800189416232e-04 2.499475566794760132e-03 2.358055948709109225e-04 4.371936327936491208e-03 7.248099101472436079e-01 1.228962824862006725e-01
5.599999999999383249e-02 1.243103406008748834e+03 2.211085884619683065e-04 2.556055366917487498e-03 2.265824876004104537e-04 4.357368767036803349e-03 7.248099148347889598e-01 1.228412005222449255e-01
5.699999999999372235e-02 1.243284978882420546e+03 2.203741604898071954e-04 2.610826428020737895e-03 2.160845465393223576e-04 4.329789061642027974e-03 7.248099195187837074e-01 1.227945697946300208e-01
5.799999999999361222e-02 1.243610165581151932e+03 2.189720546736766138e-04 2.662871739325610963e-03 2.042698998191706773e-04 4.287961934192683136e-03 7.248099242003352982e-01 1.227579546957430490e-01
5.899999999999350209e-02 1.244096083562475542e+03 2.168176013836270954e-04 2.711017322306530017e-03 1.910661676414950765e-04 4.230239234087269755e-03 7.248099288807415830e-01 1.227334140247380301e-01
5.999999999999339195e-02 1.244766171217244846e+03 2.137998522439575925e-04 2.753700288127042609e-03 1.763545186412074405e-04 4.154327769000766037e-03 7.248099335615302286e-01 1.227237685443282461e-01
6.099999999999328182e-02 1.245654198884459447e+03 2.097645942406292034e-04 2.788720175090784060e-03 1.599408217440113683e-04 4.056866980810426050e-03 7.248099382444758154e-01 1.227330967389789751e-01
6.199999999999317168e-02 1.246811162025021758e+03 2.044840058927160865e-04 2.812743767190564043e-03 1.415138571153619330e-04 3.932686160996704157e-03 7.248099429315042475e-01 1.227676682297033917e-01
6.299999999999306155e-02 1.248318660395681036e+03 1.975966062975857284e-04 2.820177401661637644e-03 1.205752135139274484e-04 3.773323545299762678e-03 7.248099476242475525e-01 1.228379595582863720e-01
6.399999999999295142e-02 1.250313717920589397e+03 1.884931651660166050e-04 2.800324345027990422e-03 9.637935644046863239e-05 3.564151903276590889e-03 7.248099523223722196e-01 1.229633009778218072e-01
6.499999999999284128e-02 1.253021542742874999e+03 1.761743079365517435e-04 2.729591344644534661e-03 6.825027773483421413e-05 3.280222963613326458e-03 7.248099570172779060e-01 1.231827940191726201e-01
6.599999999999273115e-02 1.256677195086467464e+03 1.598684926762058707e-04 2.555589669956944993e-03 3.850803707092461569e-05 2.896334952167208768e-03 7.248099616460714767e-01 1.235691129834761703e-01
6.699999999999262101e-02 1.260908045486275796e+03 1.431838231009399057e-04 2.235896059212792025e-03 1.876396844379084864e-05 2.475553193750147565e-03 7.248099657862303591e-01 1.241451185460487605e-01
6.799999999999251088e-02 1.264542580701770703e+03 1.317800810464731778e-04 1.895401455409827587e-03 1.362253823634502428e-05 2.161935765989025926e-03 7.248099691322573701e-01 1.246991127531338062e-01
6.899999999999240075e-02 1.267094642306273045e+03 1.242671090644484799e-04 1.650626773302634040e-03 1.388109542307983114e-05 1.964013177568549838e-03 7.248099725217574951e-01 1.250830389177021440e-01
6.999999999999229061e-02 1.268771501006349808e+03 1.190042006953251466e-04 1.492519878340615178e-03 1.542721488552284122e-05 1.840735314733353122e-03 7.248099763322505273e-01 1.253262186875700457e-01
7.099999999999218048e-02 1.269839583254791933e+03 1.154074312920433539e-04 1.391630687048618338e-03 1.744499363028912604e-05 1.765852338224027825e-03 7.248099805115407746e-01 1.254778515091168056e-01
7.199999999999207034e-02 1.270482227828557143e+03 1.131333392838886520e-04 1.327926715196814204e-03 1.980080056293030935e-05 1.724328450377279106e-03 7.248099849592033461e-01 1.255698876490310423e-01
7.299999999999196021e-02 1.270814711588787077e+03 1.119294490956302773e-04 1.289356595225161660e-03 2.251949687231348161e-05 1.707328583113695928e-03 7.248099895995007147e-01 1.256211786557744070e-01
7.399999999999185007e-02 1.270908217226531178e+03 1.116137662155139594e-04 1.268598130133627520e-03 2.569310339894105398e-05 1.709643742240020154e-03 7.248099943791248556e-01 1.256429136031886884e-01
7.499999999999173994e-02 1.270805309816706540e+03 1.120634933994625230e-04 1.261039243437235254e-03 2.946987297418519371e-05 1.728357623576620488e-03 7.248099992593576291e-01 1.256418338193557027e-01
7.599999999999162981e-02 1.270529070743817783e+03 1.132034087871167398e-04 1.263627277015004057e-03 3.406106636567117593e-05 1.762107202452332846e-03 7.248100042095112494e-01 1.256220235771670912e-01
7.699999999999151967e-02 1.270089036507276660e+03 1.149927757860216311e-04 1.274182628742004430e-03 3.974471138073157491e-05 1.810584073818595832e-03 7.248100092023085361e-01 1.255859843548206289e-01
7.799999999999140954e-02 1.269486604718975286e+03 1.174082405468857259e-04 1.290964601351440129e-03 4.684452326484234532e-05 1.874035084258137166e-03 7.248100142110798227e-01 1.255353982371891497e-01
7.899999999999129940e-02 1.268721693464816326e+03 1.204221710034175013e-04 1.312430340141228181e-03 5.565949514236716083e-05 1.952629709534333411e-03 7.248100192095747740e-01 1.254717432999354620e-01
7.999999999999118927e-02 1.267800552609654687e+03 1.239820050479543165e-04 1.337190469053636680e-03 6.634336290726917538e-05 2.045765975867774780e-03 7.248100241750281558e-01 1.253967366488935031e-01
8.099999999999107914e-02 1.266741038600039928e+03 1.280029393726298654e-04 1.364123752922694098e-03 7.879841017204392646e-05 2.151680597451397815e-03 7.248100290927197431e-01 1.253124469929893514e-01
8.199999999999096900e-02 1.265571309128853045e+03 1.323799105014391783e-04 1.392495485575207317e-03 9.267654873732674163e-05 2.267671194284054739e-03 7.248100339579189866e-01 1.252210618681961762e-01
8.299999999999085887e-02 1.264323170855475155e+03 1.370086989148300229e-04 1.421945713052934386e-03 1.074950452266001342e-04 2.390742031730921230e-03 7.248100387734746075e-01 1.251245497926978811e-01
8.399999999999074873e-02 1.263025630355336489e+03 1.418008914360398168e-04 1.452370143858150138e-03 1.227713580558136572e-04 2.518176131476928311e-03 7.248100435456134027e-01 1.250244706965348840e-01
8.499999999999063860e-02 1.261701985652643771e+03 1.466879452130767268e-04 1.483795407362425035e-03 1.380994871496552033e-04 2.647779681745875743e-03 7.248100482806952849e-01 1.249219715512359108e-01
8.599999999999052847e-02 1.260369943866958920e+03 1.516183280275847610e-04 1.516299878988055985e-03 1.531645424812554048e-04 2.777864288857134507e-03 7.248100529843481965e-01 1.248178778451251719e-01
8.699999999999041833e-02 1.259042802415060805e+03 1.565530542250801588e-04 1.549976720208155702e-03 1.677299725803930183e-04 2.907140788126029180e-03 7.248100576608398349e-01 1.247127887807160523e-01
8.799999999999030820e-02 1.257730793921625491e+03 1.614614785264942862e-04 1.584919328086135037e-03 1.816171006927510862e-04 3.034599473830418281e-03 7.248100623139528409e-01 1.246071563423571671e-01
8.899999999999019806e-02 1.256442079433878234e+03 1.663184248012023684e-04 1.621216926560806355e-03 1.946887291461196388e-04 3.159422411144148513e-03 7.248100669462335111e-01 1.245013367504893692e-01
8.999999999999008793e-02 1.255183424355246871e+03 1.711021486607269197e-04 1.658952214795498007e-03 2.068379386870012010e-04 3.280922387018332231e-03 7.248100715592591392e-01 1.243956251790546003e-01
9.099999999998997779e-02 1.253960680675097819e+03 1.757928675881897127e-04 1.698200230589823247e-03 2.179797773606077229e-04 3.398499267405899211e-03 7.248100761546181214e-01 1.242902795597052162e-01
9.199999999998986766e-02 1.252779097231594051e+03 1.803718541533740592e-04 1.739027293210497743e-03 2.280457350016937474e-04 3.511612651869080309e-03 7.248100807336869122e-01 1.241855357326665937e-01
9.299999999998975753e-02 1.251643507660760406e+03 1.848207785870166183e-04 1.781488738656245886e-03 2.369808554756317647e-04 3.619764484402271474e-03 7.248100852970579266e-01 1.240816184920325027e-01
9.399999999998964739e-02 1.250558478629998035e+03 1.891211968133835099e-04 1.825626765976668276e-03 2.447411313736611157e-04 3.722485879737587669e-03 7.248100898477254361e-01 1.239787499782394886e-01
9.499999999998953726e-02 1.249528403864158690e+03 1.932541909066472783e-04 1.871467703938121474e-03 2.512919528106698848e-04 3.819328731374291731e-03 7.248100943840265487e-01 1.238771562034395451e-01
9.599999999998942712e-02 1.248557572752299393e+03 1.972000830562687268e-04 1.919018879988019068e-03 2.566069201868150808e-04 3.909859639480216080e-03 7.248100989097735480e-01 1.237770726517521541e-01
9.699999999998931699e-02 1.247650234593567802e+03 2.009381497457633759e-04 1.968265194603112563e-03 2.606668828423780882e-04 3.993654212223149771e-03 7.248101034224232464e-01 1.236787500157407321e-01
9.799999999998920686e-02 1.246810601252880815e+03 2.044466210690974641e-04 2.019165414748314100e-03 2.634592989195084080e-04 4.070297250936150829e-03 7.248101079237425637e-01 1.235824569577892162e-01
9.899999999998909672e-02 1.246042949901282327e+03 2.077022137983787519e-04 2.071648208616495759e-03 2.649772067141228774e-04 4.139372871788990493e-03 7.248101124142779517e-01 1.234884889167608413e-01
